<TICKER>;<PER>;<DATE>;<TIME>;<OPEN>;<HIGH>;<LOW>;<CLOSE>;<VOL>
SPFB.SBRF-9.21;60;20200904;120000;20000.0000000;24000.0000000;20000.0000000;20000.0000000;13
SPFB.SBRF-9.21;60;20200908;150000;20926.0000000;20926.0000000;20926.0000000;20926.0000000;1
SPFB.SBRF-9.21;60;20200908;170000;20720.0000000;20720.0000000;20720.0000000;20720.0000000;2
SPFB.SBRF-9.21;60;20200911;110000;20850.0000000;20850.0000000;20850.0000000;20850.0000000;2
SPFB.SBRF-9.21;60;20200916;120000;21493.0000000;21493.0000000;21477.0000000;21477.0000000;3
SPFB.SBRF-9.21;60;20200916;180000;22537.0000000;22537.0000000;22537.0000000;22537.0000000;1
SPFB.SBRF-9.21;60;20200917;140000;22007.0000000;22007.0000000;22007.0000000;22007.0000000;1
SPFB.SBRF-9.21;60;20200917;160000;21600.0000000;21600.0000000;21600.0000000;21600.0000000;1
SPFB.SBRF-9.21;60;20200917;170000;22337.0000000;22551.0000000;19726.0000000;21137.0000000;11
SPFB.SBRF-9.21;60;20200924;200000;22115.0000000;22115.0000000;22115.0000000;22115.0000000;1
SPFB.SBRF-9.21;60;20200925;110000;21959.0000000;21959.0000000;21959.0000000;21959.0000000;3
SPFB.SBRF-9.21;60;20200929;150000;21320.0000000;21320.0000000;21038.0000000;21038.0000000;2
SPFB.SBRF-9.21;60;20200929;160000;21038.0000000;21038.0000000;21038.0000000;21038.0000000;1
SPFB.SBRF-9.21;60;20200930;190000;21100.0000000;21100.0000000;21100.0000000;21100.0000000;1
SPFB.SBRF-9.21;60;20201002;170000;21290.0000000;21307.0000000;21290.0000000;21307.0000000;2
SPFB.SBRF-9.21;60;20201005;110000;21620.0000000;21620.0000000;21620.0000000;21620.0000000;1
SPFB.SBRF-9.21;60;20201006;130000;21738.0000000;21738.0000000;21738.0000000;21738.0000000;1
SPFB.SBRF-9.21;60;20201006;140000;21738.0000000;21738.0000000;21738.0000000;21738.0000000;1
SPFB.SBRF-9.21;60;20201006;150000;21738.0000000;21738.0000000;21738.0000000;21738.0000000;1
SPFB.SBRF-9.21;60;20201009;140000;21336.0000000;21359.0000000;21336.0000000;21359.0000000;5
SPFB.SBRF-9.21;60;20201015;190000;21025.0000000;21025.0000000;21025.0000000;21025.0000000;1
SPFB.SBRF-9.21;60;20201016;180000;21015.0000000;21015.0000000;21015.0000000;21015.0000000;1
SPFB.SBRF-9.21;60;20201020;120000;21078.0000000;21078.0000000;21078.0000000;21078.0000000;1
SPFB.SBRF-9.21;60;20201020;160000;21470.0000000;21470.0000000;21470.0000000;21470.0000000;1
SPFB.SBRF-9.21;60;20201021;110000;22261.0000000;23419.0000000;20164.0000000;20164.0000000;26
SPFB.SBRF-9.21;60;20201023;180000;22004.0000000;22005.0000000;22004.0000000;22005.0000000;2
SPFB.SBRF-9.21;60;20201026;130000;22107.0000000;22107.0000000;22107.0000000;22107.0000000;2
SPFB.SBRF-9.21;60;20201026;140000;22107.0000000;22107.0000000;22107.0000000;22107.0000000;2
SPFB.SBRF-9.21;60;20201027;110000;21901.0000000;21901.0000000;21885.0000000;21885.0000000;2
SPFB.SBRF-9.21;60;20201027;190000;21593.0000000;21593.0000000;21593.0000000;21593.0000000;1
SPFB.SBRF-9.21;60;20201028;130000;20786.0000000;20786.0000000;20786.0000000;20786.0000000;1
SPFB.SBRF-9.21;60;20201028;150000;21087.0000000;21087.0000000;21087.0000000;21087.0000000;1
SPFB.SBRF-9.21;60;20201028;230000;21336.0000000;21336.0000000;20912.0000000;20912.0000000;2
SPFB.SBRF-9.21;60;20201030;200000;20079.0000000;20079.0000000;20079.0000000;20079.0000000;1
SPFB.SBRF-9.21;60;20201030;210000;21002.0000000;21030.0000000;20996.0000000;20996.0000000;3
SPFB.SBRF-9.21;60;20201030;220000;20886.0000000;20886.0000000;20612.0000000;20612.0000000;2
SPFB.SBRF-9.21;60;20201031;000000;20416.0000000;20416.0000000;20416.0000000;20416.0000000;1
SPFB.SBRF-9.21;60;20201102;110000;20401.0000000;20401.0000000;20012.0000000;20012.0000000;4
SPFB.SBRF-9.21;60;20201102;150000;20500.0000000;20500.0000000;20500.0000000;20500.0000000;1
SPFB.SBRF-9.21;60;20201103;120000;20918.0000000;20918.0000000;20918.0000000;20918.0000000;1
SPFB.SBRF-9.21;60;20201103;150000;21681.0000000;21681.0000000;21681.0000000;21681.0000000;1
SPFB.SBRF-9.21;60;20201103;180000;21622.0000000;21622.0000000;21622.0000000;21622.0000000;1
SPFB.SBRF-9.21;60;20201105;110000;22109.0000000;22109.0000000;21922.0000000;21922.0000000;11
SPFB.SBRF-9.21;60;20201105;130000;21700.0000000;21700.0000000;21700.0000000;21700.0000000;2
SPFB.SBRF-9.21;60;20201105;180000;22000.0000000;22000.0000000;22000.0000000;22000.0000000;1
SPFB.SBRF-9.21;60;20201106;140000;21900.0000000;21900.0000000;21900.0000000;21900.0000000;2
SPFB.SBRF-9.21;60;20201106;160000;21602.0000000;21602.0000000;20629.0000000;20629.0000000;10
SPFB.SBRF-9.21;60;20201109;140000;22240.0000000;22240.0000000;22240.0000000;22240.0000000;10
SPFB.SBRF-9.21;60;20201109;160000;22400.0000000;22400.0000000;22400.0000000;22400.0000000;1
SPFB.SBRF-9.21;60;20201109;190000;22750.0000000;22750.0000000;22745.0000000;22745.0000000;2
SPFB.SBRF-9.21;60;20201109;200000;22890.0000000;22900.0000000;22890.0000000;22900.0000000;6
SPFB.SBRF-9.21;60;20201110;120000;23057.0000000;23234.0000000;23057.0000000;23234.0000000;4
SPFB.SBRF-9.21;60;20201110;150000;23185.0000000;23185.0000000;23185.0000000;23185.0000000;2
SPFB.SBRF-9.21;60;20201110;170000;23209.0000000;23209.0000000;23209.0000000;23209.0000000;1
SPFB.SBRF-9.21;60;20201110;180000;23250.0000000;23250.0000000;23250.0000000;23250.0000000;1
SPFB.SBRF-9.21;60;20201110;190000;23307.0000000;23307.0000000;23307.0000000;23307.0000000;1
SPFB.SBRF-9.21;60;20201111;110000;23387.0000000;23387.0000000;23097.0000000;23097.0000000;3
SPFB.SBRF-9.21;60;20201111;120000;23421.0000000;23421.0000000;23421.0000000;23421.0000000;2
SPFB.SBRF-9.21;60;20201111;140000;23630.0000000;23875.0000000;23630.0000000;23875.0000000;2
SPFB.SBRF-9.21;60;20201111;200000;23884.0000000;23884.0000000;23884.0000000;23884.0000000;2
SPFB.SBRF-9.21;60;20201112;160000;24134.0000000;24134.0000000;24134.0000000;24134.0000000;1
SPFB.SBRF-9.21;60;20201113;150000;23797.0000000;23797.0000000;23797.0000000;23797.0000000;1
SPFB.SBRF-9.21;60;20201113;160000;23725.0000000;23725.0000000;23725.0000000;23725.0000000;5
SPFB.SBRF-9.21;60;20201116;110000;24128.0000000;24134.0000000;24128.0000000;24134.0000000;17
SPFB.SBRF-9.21;60;20201116;210000;24575.0000000;24575.0000000;24561.0000000;24561.0000000;2
SPFB.SBRF-9.21;60;20201117;110000;24561.0000000;24561.0000000;24561.0000000;24561.0000000;4
SPFB.SBRF-9.21;60;20201117;120000;24561.0000000;24561.0000000;24560.0000000;24560.0000000;2
SPFB.SBRF-9.21;60;20201119;110000;24136.0000000;24136.0000000;24043.0000000;24043.0000000;16
SPFB.SBRF-9.21;60;20201119;220000;24023.0000000;24023.0000000;24023.0000000;24023.0000000;1
SPFB.SBRF-9.21;60;20201120;150000;23972.0000000;23972.0000000;23972.0000000;23972.0000000;1
SPFB.SBRF-9.21;60;20201123;110000;24043.0000000;24491.0000000;24043.0000000;24491.0000000;2
SPFB.SBRF-9.21;60;20201123;130000;24414.0000000;24415.0000000;24414.0000000;24415.0000000;2
SPFB.SBRF-9.21;60;20201123;150000;24012.0000000;24012.0000000;24012.0000000;24012.0000000;1
SPFB.SBRF-9.21;60;20201124;170000;24145.0000000;24146.0000000;24145.0000000;24146.0000000;2
SPFB.SBRF-9.21;60;20201124;180000;24373.0000000;24373.0000000;24373.0000000;24373.0000000;1
SPFB.SBRF-9.21;60;20201125;120000;25109.0000000;25109.0000000;25109.0000000;25109.0000000;1
SPFB.SBRF-9.21;60;20201127;150000;24512.0000000;24512.0000000;24512.0000000;24512.0000000;1
SPFB.SBRF-9.21;60;20201127;160000;24507.0000000;24507.0000000;24506.0000000;24506.0000000;5
SPFB.SBRF-9.21;60;20201201;120000;25048.0000000;25048.0000000;25048.0000000;25048.0000000;1
SPFB.SBRF-9.21;60;20201201;130000;25200.0000000;25200.0000000;25200.0000000;25200.0000000;1
SPFB.SBRF-9.21;60;20201201;180000;25375.0000000;25375.0000000;25375.0000000;25375.0000000;1
SPFB.SBRF-9.21;60;20201202;200000;26020.0000000;26020.0000000;26020.0000000;26020.0000000;1
SPFB.SBRF-9.21;60;20201203;200000;24175.0000000;25873.0000000;24175.0000000;25873.0000000;2
SPFB.SBRF-9.21;60;20201204;000000;25800.0000000;25800.0000000;25800.0000000;25800.0000000;1
SPFB.SBRF-9.21;60;20201204;150000;26333.0000000;26334.0000000;26333.0000000;26334.0000000;2
SPFB.SBRF-9.21;60;20201204;180000;26193.0000000;26193.0000000;26193.0000000;26193.0000000;1
SPFB.SBRF-9.21;60;20201207;110000;26442.0000000;27202.0000000;26442.0000000;27202.0000000;14
SPFB.SBRF-9.21;60;20201208;130000;27100.0000000;27100.0000000;27100.0000000;27100.0000000;1
SPFB.SBRF-9.21;60;20201208;180000;26900.0000000;26900.0000000;26900.0000000;26900.0000000;3
SPFB.SBRF-9.21;60;20201208;230000;27362.0000000;27372.0000000;27362.0000000;27372.0000000;3
SPFB.SBRF-9.21;60;20201209;000000;27001.0000000;27001.0000000;27000.0000000;27000.0000000;3
SPFB.SBRF-9.21;60;20201209;110000;27001.0000000;27001.0000000;27001.0000000;27001.0000000;7
SPFB.SBRF-9.21;60;20201210;170000;27479.0000000;27479.0000000;27479.0000000;27479.0000000;1
SPFB.SBRF-9.21;60;20201210;200000;27480.0000000;27480.0000000;27480.0000000;27480.0000000;1
SPFB.SBRF-9.21;60;20201211;110000;28401.0000000;28401.0000000;28401.0000000;28401.0000000;1
SPFB.SBRF-9.21;60;20201214;160000;28401.0000000;28401.0000000;28401.0000000;28401.0000000;1
SPFB.SBRF-9.21;60;20201214;190000;27661.0000000;28532.0000000;26819.0000000;26997.0000000;9
SPFB.SBRF-9.21;60;20201215;120000;28000.0000000;28000.0000000;28000.0000000;28000.0000000;1
SPFB.SBRF-9.21;60;20201215;220000;27348.0000000;27348.0000000;27348.0000000;27348.0000000;2
SPFB.SBRF-9.21;60;20201216;230000;27261.0000000;27261.0000000;27220.0000000;27220.0000000;3
SPFB.SBRF-9.21;60;20201217;110000;28268.0000000;28268.0000000;28268.0000000;28268.0000000;1
SPFB.SBRF-9.21;60;20201218;120000;26696.0000000;26696.0000000;26696.0000000;26696.0000000;1
SPFB.SBRF-9.21;60;20201221;110000;26714.0000000;26714.0000000;26714.0000000;26714.0000000;3
SPFB.SBRF-9.21;60;20201221;180000;25602.0000000;25602.0000000;25584.0000000;25584.0000000;6
SPFB.SBRF-9.21;60;20201223;160000;26250.0000000;26250.0000000;26250.0000000;26250.0000000;1
SPFB.SBRF-9.21;60;20201223;190000;26602.0000000;26602.0000000;26602.0000000;26602.0000000;1
SPFB.SBRF-9.21;60;20201223;200000;27253.0000000;27253.0000000;27253.0000000;27253.0000000;1
SPFB.SBRF-9.21;60;20201224;120000;27044.0000000;27065.0000000;27025.0000000;27025.0000000;5
SPFB.SBRF-9.21;60;20201224;130000;27089.0000000;27137.0000000;27089.0000000;27137.0000000;15
SPFB.SBRF-9.21;60;20201224;160000;26978.0000000;26981.0000000;26978.0000000;26981.0000000;10
SPFB.SBRF-9.21;60;20201224;170000;26981.0000000;26981.0000000;26981.0000000;26981.0000000;1
SPFB.SBRF-9.21;60;20201224;180000;27114.0000000;27114.0000000;27114.0000000;27114.0000000;5
SPFB.SBRF-9.21;60;20201224;200000;27338.0000000;27338.0000000;27338.0000000;27338.0000000;1
SPFB.SBRF-9.21;60;20201225;180000;27338.0000000;27338.0000000;27338.0000000;27338.0000000;1
SPFB.SBRF-9.21;60;20201228;150000;27182.0000000;27215.0000000;27178.0000000;27215.0000000;60
SPFB.SBRF-9.21;60;20201228;160000;27215.0000000;27215.0000000;27194.0000000;27194.0000000;70
SPFB.SBRF-9.21;60;20201228;190000;27571.0000000;27609.0000000;27566.0000000;27609.0000000;70
SPFB.SBRF-9.21;60;20201229;120000;27578.0000000;27578.0000000;27409.0000000;27409.0000000;20
SPFB.SBRF-9.21;60;20201229;130000;27391.0000000;27498.0000000;27386.0000000;27386.0000000;45
SPFB.SBRF-9.21;60;20201229;140000;27425.0000000;27508.0000000;27425.0000000;27508.0000000;27
SPFB.SBRF-9.21;60;20201229;150000;27442.0000000;27456.0000000;27419.0000000;27447.0000000;36
SPFB.SBRF-9.21;60;20201229;160000;27441.0000000;27463.0000000;27406.0000000;27429.0000000;54
SPFB.SBRF-9.21;60;20201229;170000;27419.0000000;27419.0000000;27364.0000000;27364.0000000;18
SPFB.SBRF-9.21;60;20201229;190000;27309.0000000;27358.0000000;27309.0000000;27358.0000000;36
SPFB.SBRF-9.21;60;20201230;120000;27343.0000000;27343.0000000;27343.0000000;27343.0000000;9
SPFB.SBRF-9.21;60;20201230;130000;27332.0000000;27332.0000000;27236.0000000;27281.0000000;72
SPFB.SBRF-9.21;60;20201230;140000;27305.0000000;27305.0000000;27305.0000000;27305.0000000;9
SPFB.SBRF-9.21;60;20201230;150000;27268.0000000;27305.0000000;27268.0000000;27272.0000000;45
SPFB.SBRF-9.21;60;20201230;170000;27150.0000000;27160.0000000;27112.0000000;27156.0000000;59
SPFB.SBRF-9.21;60;20201230;180000;27156.0000000;27156.0000000;27156.0000000;27156.0000000;10
SPFB.SBRF-9.21;60;20201230;220000;26368.0000000;26368.0000000;26368.0000000;26368.0000000;1
SPFB.SBRF-9.21;60;20210104;110000;27156.0000000;27156.0000000;27156.0000000;27156.0000000;1
SPFB.SBRF-9.21;60;20210104;180000;27949.0000000;27949.0000000;27949.0000000;27949.0000000;1
SPFB.SBRF-9.21;60;20210105;110000;26481.0000000;26481.0000000;26481.0000000;26481.0000000;1
SPFB.SBRF-9.21;60;20210106;140000;27666.0000000;27666.0000000;27666.0000000;27666.0000000;1
SPFB.SBRF-9.21;60;20210108;120000;27957.0000000;28000.0000000;27957.0000000;28000.0000000;2
SPFB.SBRF-9.21;60;20210108;140000;28000.0000000;28000.0000000;28000.0000000;28000.0000000;1
SPFB.SBRF-9.21;60;20210108;180000;28444.0000000;28485.0000000;28444.0000000;28485.0000000;2
SPFB.SBRF-9.21;60;20210111;110000;28420.0000000;28420.0000000;28420.0000000;28420.0000000;1
SPFB.SBRF-9.21;60;20210111;120000;28420.0000000;28946.0000000;28420.0000000;28946.0000000;3
SPFB.SBRF-9.21;60;20210111;150000;28998.0000000;28999.0000000;28998.0000000;28999.0000000;20
SPFB.SBRF-9.21;60;20210111;160000;28999.0000000;29358.0000000;28999.0000000;29358.0000000;4
SPFB.SBRF-9.21;60;20210111;180000;28750.0000000;28750.0000000;28750.0000000;28750.0000000;1
SPFB.SBRF-9.21;60;20210111;210000;28330.0000000;28330.0000000;28330.0000000;28330.0000000;5
SPFB.SBRF-9.21;60;20210112;110000;29422.0000000;29488.0000000;28964.0000000;28964.0000000;22
SPFB.SBRF-9.21;60;20210112;120000;28953.0000000;28953.0000000;28950.0000000;28950.0000000;2
SPFB.SBRF-9.21;60;20210112;130000;28900.0000000;29324.0000000;28900.0000000;29324.0000000;6
SPFB.SBRF-9.21;60;20210112;150000;28532.0000000;29378.0000000;28532.0000000;28665.0000000;3
SPFB.SBRF-9.21;60;20210112;170000;29379.0000000;29379.0000000;29379.0000000;29379.0000000;1
SPFB.SBRF-9.21;60;20210113;120000;28393.0000000;28393.0000000;28393.0000000;28393.0000000;1
SPFB.SBRF-9.21;60;20210113;150000;28302.0000000;28302.0000000;28302.0000000;28302.0000000;10
SPFB.SBRF-9.21;60;20210113;170000;28301.0000000;28301.0000000;28300.0000000;28300.0000000;5
SPFB.SBRF-9.21;60;20210113;180000;28243.0000000;28243.0000000;28243.0000000;28243.0000000;3
SPFB.SBRF-9.21;60;20210115;120000;28322.0000000;28322.0000000;28322.0000000;28322.0000000;2
SPFB.SBRF-9.21;60;20210120;180000;27884.0000000;27884.0000000;27884.0000000;27884.0000000;1
SPFB.SBRF-9.21;60;20210121;130000;27724.0000000;27724.0000000;27724.0000000;27724.0000000;10
SPFB.SBRF-9.21;60;20210121;190000;27300.0000000;27300.0000000;27300.0000000;27300.0000000;2
SPFB.SBRF-9.21;60;20210122;170000;26543.0000000;26543.0000000;26509.0000000;26509.0000000;2
SPFB.SBRF-9.21;60;20210125;110000;27446.0000000;27446.0000000;27446.0000000;27446.0000000;1
SPFB.SBRF-9.21;60;20210125;140000;26657.0000000;26657.0000000;26657.0000000;26657.0000000;1
SPFB.SBRF-9.21;60;20210125;170000;26175.0000000;26758.0000000;26175.0000000;26758.0000000;2
SPFB.SBRF-9.21;60;20210126;140000;26457.0000000;26457.0000000;26456.0000000;26456.0000000;4
SPFB.SBRF-9.21;60;20210126;170000;26589.0000000;26589.0000000;26588.0000000;26588.0000000;4
SPFB.SBRF-9.21;60;20210126;190000;26769.0000000;26782.0000000;26769.0000000;26782.0000000;3
SPFB.SBRF-9.21;60;20210127;150000;26905.0000000;26905.0000000;26905.0000000;26905.0000000;1
SPFB.SBRF-9.21;60;20210127;160000;26782.0000000;26782.0000000;26782.0000000;26782.0000000;4
SPFB.SBRF-9.21;60;20210128;110000;26446.0000000;26446.0000000;26446.0000000;26446.0000000;1
SPFB.SBRF-9.21;60;20210128;120000;26415.0000000;26415.0000000;26108.0000000;26108.0000000;9
SPFB.SBRF-9.21;60;20210128;130000;26254.0000000;26254.0000000;26254.0000000;26254.0000000;3
SPFB.SBRF-9.21;60;20210128;140000;26435.0000000;26435.0000000;26154.0000000;26154.0000000;4
SPFB.SBRF-9.21;60;20210128;160000;26300.0000000;26300.0000000;26201.0000000;26201.0000000;2
SPFB.SBRF-9.21;60;20210129;110000;26180.0000000;26180.0000000;26022.0000000;26022.0000000;4
SPFB.SBRF-9.21;60;20210129;120000;26000.0000000;26000.0000000;25900.0000000;25900.0000000;2
SPFB.SBRF-9.21;60;20210129;160000;26192.0000000;26211.0000000;26192.0000000;26211.0000000;50
SPFB.SBRF-9.21;60;20210129;170000;25951.0000000;25951.0000000;25951.0000000;25951.0000000;1
SPFB.SBRF-9.21;60;20210129;190000;25801.0000000;25801.0000000;25800.0000000;25800.0000000;2
SPFB.SBRF-9.21;60;20210129;220000;25669.0000000;25669.0000000;25669.0000000;25669.0000000;3
SPFB.SBRF-9.21;60;20210201;140000;25990.0000000;25990.0000000;25990.0000000;25990.0000000;1
SPFB.SBRF-9.21;60;20210201;150000;25990.0000000;25990.0000000;25990.0000000;25990.0000000;1
SPFB.SBRF-9.21;60;20210201;160000;26100.0000000;26100.0000000;26100.0000000;26100.0000000;1
SPFB.SBRF-9.21;60;20210201;170000;26150.0000000;26150.0000000;26150.0000000;26150.0000000;1
SPFB.SBRF-9.21;60;20210201;180000;26150.0000000;26150.0000000;26150.0000000;26150.0000000;1
SPFB.SBRF-9.21;60;20210201;220000;26150.0000000;26150.0000000;26150.0000000;26150.0000000;1
SPFB.SBRF-9.21;60;20210202;160000;26450.0000000;26450.0000000;26450.0000000;26450.0000000;1
SPFB.SBRF-9.21;60;20210202;170000;26450.0000000;26450.0000000;26450.0000000;26450.0000000;1
SPFB.SBRF-9.21;60;20210202;210000;26450.0000000;26450.0000000;26450.0000000;26450.0000000;10
SPFB.SBRF-9.21;60;20210202;230000;26239.0000000;26239.0000000;26207.0000000;26207.0000000;4
SPFB.SBRF-9.21;60;20210203;160000;26207.0000000;26207.0000000;26207.0000000;26207.0000000;5
SPFB.SBRF-9.21;60;20210203;170000;26168.0000000;26168.0000000;26168.0000000;26168.0000000;1
SPFB.SBRF-9.21;60;20210203;180000;26247.0000000;26250.0000000;26247.0000000;26250.0000000;10
SPFB.SBRF-9.21;60;20210203;190000;26200.0000000;26200.0000000;26200.0000000;26200.0000000;1
SPFB.SBRF-9.21;60;20210203;210000;26099.0000000;26200.0000000;26099.0000000;26100.0000000;6
SPFB.SBRF-9.21;60;20210203;220000;26100.0000000;26100.0000000;26100.0000000;26100.0000000;1
SPFB.SBRF-9.21;60;20210204;120000;26025.0000000;26025.0000000;26025.0000000;26025.0000000;1
SPFB.SBRF-9.21;60;20210204;130000;26915.0000000;26915.0000000;26915.0000000;26915.0000000;1
SPFB.SBRF-9.21;60;20210204;190000;26573.0000000;26573.0000000;26095.0000000;26095.0000000;2
SPFB.SBRF-9.21;60;20210205;000000;26795.0000000;26795.0000000;26795.0000000;26795.0000000;2
SPFB.SBRF-9.21;60;20210205;110000;26795.0000000;26795.0000000;26795.0000000;26795.0000000;6
SPFB.SBRF-9.21;60;20210205;150000;26795.0000000;26795.0000000;26795.0000000;26795.0000000;1
SPFB.SBRF-9.21;60;20210205;180000;27039.0000000;27039.0000000;27039.0000000;27039.0000000;5
SPFB.SBRF-9.21;60;20210205;220000;27000.0000000;27039.0000000;27000.0000000;27039.0000000;5
SPFB.SBRF-9.21;60;20210208;150000;27135.0000000;27135.0000000;27135.0000000;27135.0000000;1
SPFB.SBRF-9.21;60;20210208;190000;27200.0000000;27200.0000000;27200.0000000;27200.0000000;1
SPFB.SBRF-9.21;60;20210209;120000;27202.0000000;27202.0000000;27200.0000000;27200.0000000;8
SPFB.SBRF-9.21;60;20210209;190000;26593.0000000;27000.0000000;26593.0000000;27000.0000000;2
SPFB.SBRF-9.21;60;20210210;140000;26899.0000000;27112.0000000;26899.0000000;27112.0000000;2
SPFB.SBRF-9.21;60;20210210;160000;26677.0000000;26677.0000000;26670.0000000;26670.0000000;4
SPFB.SBRF-9.21;60;20210210;190000;26599.0000000;26599.0000000;26599.0000000;26599.0000000;1
SPFB.SBRF-9.21;60;20210210;210000;26599.0000000;26599.0000000;26599.0000000;26599.0000000;1
SPFB.SBRF-9.21;60;20210210;220000;26538.0000000;26538.0000000;26538.0000000;26538.0000000;1
SPFB.SBRF-9.21;60;20210211;110000;26313.0000000;26500.0000000;26312.0000000;26312.0000000;3
SPFB.SBRF-9.21;60;20210211;210000;26284.0000000;26284.0000000;26284.0000000;26284.0000000;1
SPFB.SBRF-9.21;60;20210212;110000;26222.0000000;26222.0000000;26100.0000000;26100.0000000;10
SPFB.SBRF-9.21;60;20210212;120000;25920.0000000;25920.0000000;25900.0000000;25900.0000000;2
SPFB.SBRF-9.21;60;20210212;170000;26000.0000000;26000.0000000;26000.0000000;26000.0000000;1
SPFB.SBRF-9.21;60;20210213;000000;26289.0000000;26289.0000000;26000.0000000;26000.0000000;20
SPFB.SBRF-9.21;60;20210215;140000;26691.0000000;26691.0000000;26691.0000000;26691.0000000;1
SPFB.SBRF-9.21;60;20210215;180000;26618.0000000;26618.0000000;26618.0000000;26618.0000000;1
SPFB.SBRF-9.21;60;20210215;210000;27272.0000000;27391.0000000;26922.0000000;27050.0000000;27
SPFB.SBRF-9.21;60;20210215;220000;27050.0000000;27100.0000000;27050.0000000;27100.0000000;25
SPFB.SBRF-9.21;60;20210215;230000;27050.0000000;27050.0000000;27050.0000000;27050.0000000;2
SPFB.SBRF-9.21;60;20210216;140000;26900.0000000;26900.0000000;26900.0000000;26900.0000000;1
SPFB.SBRF-9.21;60;20210216;170000;27224.0000000;27224.0000000;27224.0000000;27224.0000000;1
SPFB.SBRF-9.21;60;20210216;180000;26886.0000000;26886.0000000;26885.0000000;26885.0000000;2
SPFB.SBRF-9.21;60;20210217;120000;26866.0000000;27100.0000000;26866.0000000;27100.0000000;2
SPFB.SBRF-9.21;60;20210217;130000;27200.0000000;27200.0000000;27200.0000000;27200.0000000;6
SPFB.SBRF-9.21;60;20210217;160000;27200.0000000;27250.0000000;27200.0000000;27250.0000000;6
SPFB.SBRF-9.21;60;20210217;170000;27299.0000000;27718.0000000;27250.0000000;27250.0000000;89
SPFB.SBRF-9.21;60;20210217;200000;26226.0000000;26492.0000000;26226.0000000;26492.0000000;4
SPFB.SBRF-9.21;60;20210218;000000;26800.0000000;26800.0000000;26800.0000000;26800.0000000;2
SPFB.SBRF-9.21;60;20210218;110000;26630.0000000;26630.0000000;26511.0000000;26520.0000000;3
SPFB.SBRF-9.21;60;20210218;130000;26608.0000000;26608.0000000;26608.0000000;26608.0000000;1
SPFB.SBRF-9.21;60;20210218;180000;26500.0000000;26500.0000000;26500.0000000;26500.0000000;1
SPFB.SBRF-9.21;60;20210218;190000;26500.0000000;26500.0000000;26500.0000000;26500.0000000;5
SPFB.SBRF-9.21;60;20210218;210000;26500.0000000;26500.0000000;26500.0000000;26500.0000000;5
SPFB.SBRF-9.21;60;20210219;110000;26500.0000000;26500.0000000;26500.0000000;26500.0000000;55
SPFB.SBRF-9.21;60;20210219;180000;26841.0000000;26841.0000000;26841.0000000;26841.0000000;1
SPFB.SBRF-9.21;60;20210219;220000;26840.0000000;26840.0000000;26840.0000000;26840.0000000;2
SPFB.SBRF-9.21;60;20210220;000000;26875.0000000;26875.0000000;26875.0000000;26875.0000000;1
SPFB.SBRF-9.21;60;20210220;140000;26808.0000000;26808.0000000;26800.0000000;26800.0000000;3
SPFB.SBRF-9.21;60;20210224;130000;27030.0000000;27062.0000000;27030.0000000;27062.0000000;2
SPFB.SBRF-9.21;60;20210224;170000;26919.0000000;26919.0000000;26850.0000000;26850.0000000;8
SPFB.SBRF-9.21;60;20210224;180000;26760.0000000;26760.0000000;26760.0000000;26760.0000000;5
SPFB.SBRF-9.21;60;20210224;190000;27195.0000000;27195.0000000;27195.0000000;27195.0000000;1
SPFB.SBRF-9.21;60;20210225;230000;27190.0000000;27190.0000000;27190.0000000;27190.0000000;2
SPFB.SBRF-9.21;60;20210226;150000;26570.0000000;26570.0000000;26570.0000000;26570.0000000;1
SPFB.SBRF-9.21;60;20210226;160000;26922.0000000;26922.0000000;26922.0000000;26922.0000000;1
SPFB.SBRF-9.21;60;20210226;170000;26643.0000000;26643.0000000;26627.0000000;26627.0000000;2
SPFB.SBRF-9.21;60;20210227;000000;26700.0000000;26700.0000000;26700.0000000;26700.0000000;3
SPFB.SBRF-9.21;60;20210301;100000;27100.0000000;27100.0000000;27100.0000000;27100.0000000;1
SPFB.SBRF-9.21;60;20210301;110000;27088.0000000;27088.0000000;26827.0000000;26827.0000000;11
SPFB.SBRF-9.21;60;20210302;100000;27151.0000000;27200.0000000;27151.0000000;27200.0000000;5
SPFB.SBRF-9.21;60;20210302;110000;26735.0000000;26900.0000000;26735.0000000;26900.0000000;2
SPFB.SBRF-9.21;60;20210302;120000;26900.0000000;26900.0000000;26900.0000000;26900.0000000;7
SPFB.SBRF-9.21;60;20210302;130000;26900.0000000;27130.0000000;26900.0000000;27130.0000000;8
SPFB.SBRF-9.21;60;20210302;150000;27130.0000000;27130.0000000;27130.0000000;27130.0000000;4
SPFB.SBRF-9.21;60;20210302;160000;27128.0000000;27128.0000000;27128.0000000;27128.0000000;1
SPFB.SBRF-9.21;60;20210302;170000;27190.0000000;27190.0000000;27190.0000000;27190.0000000;3
SPFB.SBRF-9.21;60;20210302;180000;27190.0000000;27273.0000000;27190.0000000;27273.0000000;7
SPFB.SBRF-9.21;60;20210302;190000;27292.0000000;27300.0000000;27292.0000000;27300.0000000;2
SPFB.SBRF-9.21;60;20210302;200000;27295.0000000;27295.0000000;27295.0000000;27295.0000000;1
SPFB.SBRF-9.21;60;20210302;210000;27250.0000000;27250.0000000;27250.0000000;27250.0000000;5
SPFB.SBRF-9.21;60;20210303;080000;27280.0000000;27300.0000000;27280.0000000;27300.0000000;31
SPFB.SBRF-9.21;60;20210303;110000;27676.0000000;27676.0000000;27501.0000000;27659.0000000;10
SPFB.SBRF-9.21;60;20210303;150000;27650.0000000;27700.0000000;27650.0000000;27700.0000000;12
SPFB.SBRF-9.21;60;20210303;160000;27784.0000000;28000.0000000;27784.0000000;28000.0000000;11
SPFB.SBRF-9.21;60;20210303;170000;27700.0000000;27700.0000000;27500.0000000;27500.0000000;6
SPFB.SBRF-9.21;60;20210303;210000;27605.0000000;27618.0000000;27605.0000000;27618.0000000;4
SPFB.SBRF-9.21;60;20210304;120000;27003.0000000;27003.0000000;26414.0000000;26414.0000000;14
SPFB.SBRF-9.21;60;20210304;130000;26895.0000000;26895.0000000;26888.0000000;26895.0000000;5
SPFB.SBRF-9.21;60;20210304;160000;27270.0000000;27270.0000000;27270.0000000;27270.0000000;1
SPFB.SBRF-9.21;60;20210304;180000;27354.0000000;27715.0000000;27202.0000000;27202.0000000;5
SPFB.SBRF-9.21;60;20210304;190000;27221.0000000;27300.0000000;27221.0000000;27300.0000000;52
SPFB.SBRF-9.21;60;20210305;140000;27053.0000000;27053.0000000;27053.0000000;27053.0000000;1
SPFB.SBRF-9.21;60;20210305;160000;26800.0000000;26800.0000000;26650.0000000;26650.0000000;3
SPFB.SBRF-9.21;60;20210309;080000;27188.0000000;27188.0000000;27188.0000000;27188.0000000;1
SPFB.SBRF-9.21;60;20210309;100000;27100.0000000;27100.0000000;27100.0000000;27100.0000000;1
SPFB.SBRF-9.21;60;20210309;120000;27667.0000000;27667.0000000;27667.0000000;27667.0000000;3
SPFB.SBRF-9.21;60;20210309;130000;27731.0000000;27731.0000000;27731.0000000;27731.0000000;1
SPFB.SBRF-9.21;60;20210309;180000;27618.0000000;27634.0000000;27618.0000000;27622.0000000;6
SPFB.SBRF-9.21;60;20210309;200000;27888.0000000;27888.0000000;27888.0000000;27888.0000000;1
SPFB.SBRF-9.21;60;20210310;120000;27800.0000000;27800.0000000;27800.0000000;27800.0000000;5
SPFB.SBRF-9.21;60;20210310;150000;27600.0000000;27600.0000000;27600.0000000;27600.0000000;20
SPFB.SBRF-9.21;60;20210310;180000;27527.0000000;27527.0000000;27527.0000000;27527.0000000;1
SPFB.SBRF-9.21;60;20210310;190000;27528.0000000;27528.0000000;27500.0000000;27500.0000000;12
SPFB.SBRF-9.21;60;20210310;200000;27596.0000000;27596.0000000;27596.0000000;27596.0000000;3
SPFB.SBRF-9.21;60;20210310;230000;27512.0000000;27512.0000000;27493.0000000;27493.0000000;3
SPFB.SBRF-9.21;60;20210311;100000;27584.0000000;27584.0000000;27584.0000000;27584.0000000;1
SPFB.SBRF-9.21;60;20210311;110000;27584.0000000;27584.0000000;27584.0000000;27584.0000000;1
SPFB.SBRF-9.21;60;20210311;130000;27500.0000000;27500.0000000;27500.0000000;27500.0000000;1
SPFB.SBRF-9.21;60;20210311;170000;27600.0000000;27600.0000000;27600.0000000;27600.0000000;1
SPFB.SBRF-9.21;60;20210311;180000;27668.0000000;27668.0000000;27668.0000000;27668.0000000;3
SPFB.SBRF-9.21;60;20210311;210000;27939.0000000;27939.0000000;27939.0000000;27939.0000000;1
SPFB.SBRF-9.21;60;20210312;000000;27700.0000000;27700.0000000;27700.0000000;27700.0000000;1
SPFB.SBRF-9.21;60;20210312;120000;27750.0000000;27800.0000000;27750.0000000;27800.0000000;2
SPFB.SBRF-9.21;60;20210312;140000;27800.0000000;27800.0000000;27800.0000000;27800.0000000;1
SPFB.SBRF-9.21;60;20210312;150000;27640.0000000;27640.0000000;27640.0000000;27640.0000000;1
SPFB.SBRF-9.21;60;20210312;190000;27640.0000000;27640.0000000;27640.0000000;27640.0000000;1
SPFB.SBRF-9.21;60;20210312;200000;27829.0000000;27829.0000000;27829.0000000;27829.0000000;2
SPFB.SBRF-9.21;60;20210312;210000;27833.0000000;27834.0000000;27800.0000000;27800.0000000;24
SPFB.SBRF-9.21;60;20210312;220000;27834.0000000;27834.0000000;27834.0000000;27834.0000000;1
SPFB.SBRF-9.21;60;20210315;100000;27795.0000000;27795.0000000;27795.0000000;27795.0000000;1
SPFB.SBRF-9.21;60;20210315;110000;27949.0000000;27950.0000000;27949.0000000;27950.0000000;4
SPFB.SBRF-9.21;60;20210315;120000;28000.0000000;28320.0000000;28000.0000000;28320.0000000;15
SPFB.SBRF-9.21;60;20210315;160000;28219.0000000;28220.0000000;28219.0000000;28220.0000000;2
SPFB.SBRF-9.21;60;20210315;190000;28253.0000000;28253.0000000;28219.0000000;28251.0000000;55
SPFB.SBRF-9.21;60;20210315;200000;28251.0000000;28251.0000000;28251.0000000;28251.0000000;1
SPFB.SBRF-9.21;60;20210315;220000;28384.0000000;28400.0000000;28384.0000000;28399.0000000;8
SPFB.SBRF-9.21;60;20210315;230000;28399.0000000;28399.0000000;28399.0000000;28399.0000000;2
SPFB.SBRF-9.21;60;20210316;000000;28401.0000000;28401.0000000;28401.0000000;28401.0000000;1
SPFB.SBRF-9.21;60;20210316;100000;28443.0000000;28443.0000000;28443.0000000;28443.0000000;1
SPFB.SBRF-9.21;60;20210316;110000;28443.0000000;28443.0000000;28443.0000000;28443.0000000;1
SPFB.SBRF-9.21;60;20210316;120000;28500.0000000;29000.0000000;28251.0000000;28949.0000000;66
SPFB.SBRF-9.21;60;20210316;130000;28800.0000000;28800.0000000;28350.0000000;28351.0000000;13
SPFB.SBRF-9.21;60;20210316;140000;28357.0000000;28357.0000000;28357.0000000;28357.0000000;1
SPFB.SBRF-9.21;60;20210316;150000;28354.0000000;28354.0000000;28354.0000000;28354.0000000;1
SPFB.SBRF-9.21;60;20210316;160000;28354.0000000;28354.0000000;28354.0000000;28354.0000000;2
SPFB.SBRF-9.21;60;20210316;170000;28323.0000000;28323.0000000;28323.0000000;28323.0000000;3
SPFB.SBRF-9.21;60;20210316;180000;28475.0000000;28478.0000000;28475.0000000;28478.0000000;5
SPFB.SBRF-9.21;60;20210316;200000;28915.0000000;28915.0000000;28837.0000000;28837.0000000;2
SPFB.SBRF-9.21;60;20210317;110000;28495.0000000;28495.0000000;28495.0000000;28495.0000000;1
SPFB.SBRF-9.21;60;20210317;120000;28384.0000000;28384.0000000;28384.0000000;28384.0000000;3
SPFB.SBRF-9.21;60;20210317;130000;28384.0000000;28384.0000000;28288.0000000;28301.0000000;45
SPFB.SBRF-9.21;60;20210317;140000;28250.0000000;28250.0000000;28250.0000000;28250.0000000;3
SPFB.SBRF-9.21;60;20210317;150000;28233.0000000;28233.0000000;27780.0000000;27923.0000000;86
SPFB.SBRF-9.21;60;20210317;160000;27806.0000000;27806.0000000;27629.0000000;27728.0000000;32
SPFB.SBRF-9.21;60;20210317;170000;27683.0000000;27954.0000000;27683.0000000;27704.0000000;98
SPFB.SBRF-9.21;60;20210317;180000;27787.0000000;27926.0000000;27560.0000000;27699.0000000;867
SPFB.SBRF-9.21;60;20210317;190000;27698.0000000;27698.0000000;27401.0000000;27600.0000000;66
SPFB.SBRF-9.21;60;20210317;200000;27699.0000000;27699.0000000;27588.0000000;27699.0000000;16
SPFB.SBRF-9.21;60;20210317;210000;27695.0000000;27695.0000000;27695.0000000;27695.0000000;1
SPFB.SBRF-9.21;60;20210317;220000;27700.0000000;27919.0000000;27700.0000000;27879.0000000;27
SPFB.SBRF-9.21;60;20210317;230000;27878.0000000;27878.0000000;27878.0000000;27878.0000000;2
SPFB.SBRF-9.21;60;20210318;080000;27892.0000000;27892.0000000;27892.0000000;27892.0000000;1
SPFB.SBRF-9.21;60;20210318;100000;27917.0000000;27980.0000000;27917.0000000;27920.0000000;51
SPFB.SBRF-9.21;60;20210318;110000;28000.0000000;28105.0000000;27900.0000000;27970.0000000;147
SPFB.SBRF-9.21;60;20210318;120000;27970.0000000;28003.0000000;27700.0000000;27800.0000000;374
SPFB.SBRF-9.21;60;20210318;130000;27809.0000000;27924.0000000;27626.0000000;27739.0000000;295
SPFB.SBRF-9.21;60;20210318;140000;27749.0000000;27769.0000000;27700.0000000;27715.0000000;223
SPFB.SBRF-9.21;60;20210318;150000;27704.0000000;27787.0000000;27598.0000000;27629.0000000;91
SPFB.SBRF-9.21;60;20210318;160000;27637.0000000;27834.0000000;27637.0000000;27828.0000000;19
SPFB.SBRF-9.21;60;20210318;170000;27855.0000000;27858.0000000;27597.0000000;27597.0000000;74
SPFB.SBRF-9.21;60;20210318;180000;27586.0000000;27670.0000000;27136.0000000;27506.0000000;57
SPFB.SBRF-9.21;60;20210318;190000;27668.0000000;27777.0000000;27668.0000000;27770.0000000;10
SPFB.SBRF-9.21;60;20210318;200000;27798.0000000;27799.0000000;27720.0000000;27720.0000000;3
SPFB.SBRF-9.21;60;20210318;220000;27509.0000000;27509.0000000;27509.0000000;27509.0000000;1
SPFB.SBRF-9.21;60;20210318;230000;27491.0000000;27492.0000000;27066.0000000;27066.0000000;13
SPFB.SBRF-9.21;60;20210319;000000;27230.0000000;27290.0000000;27222.0000000;27222.0000000;6
SPFB.SBRF-9.21;60;20210319;080000;27225.0000000;27350.0000000;27225.0000000;27350.0000000;3
SPFB.SBRF-9.21;60;20210319;090000;27209.0000000;27209.0000000;27209.0000000;27209.0000000;1
SPFB.SBRF-9.21;60;20210319;100000;27200.0000000;27257.0000000;27100.0000000;27200.0000000;45
SPFB.SBRF-9.21;60;20210319;110000;27200.0000000;27304.0000000;27160.0000000;27250.0000000;121
SPFB.SBRF-9.21;60;20210319;120000;27300.0000000;27598.0000000;27300.0000000;27598.0000000;51
SPFB.SBRF-9.21;60;20210319;130000;27600.0000000;27600.0000000;27599.0000000;27600.0000000;22
SPFB.SBRF-9.21;60;20210319;140000;27535.0000000;27697.0000000;27446.0000000;27697.0000000;12
SPFB.SBRF-9.21;60;20210319;150000;27467.0000000;27720.0000000;27400.0000000;27600.0000000;541
SPFB.SBRF-9.21;60;20210319;160000;27620.0000000;27700.0000000;27592.0000000;27592.0000000;147
SPFB.SBRF-9.21;60;20210319;170000;27550.0000000;27550.0000000;27404.0000000;27441.0000000;31
SPFB.SBRF-9.21;60;20210319;180000;27470.0000000;27694.0000000;27398.0000000;27638.0000000;173
SPFB.SBRF-9.21;60;20210319;190000;27655.0000000;27660.0000000;27512.0000000;27524.0000000;161
SPFB.SBRF-9.21;60;20210319;200000;27617.0000000;27617.0000000;27395.0000000;27534.0000000;123
SPFB.SBRF-9.21;60;20210319;210000;27538.0000000;27560.0000000;27466.0000000;27500.0000000;92
SPFB.SBRF-9.21;60;20210319;220000;27502.0000000;27550.0000000;27490.0000000;27541.0000000;66
SPFB.SBRF-9.21;60;20210319;230000;27560.0000000;27573.0000000;27520.0000000;27554.0000000;52
SPFB.SBRF-9.21;60;20210320;000000;27560.0000000;27630.0000000;27550.0000000;27630.0000000;49
SPFB.SBRF-9.21;60;20210322;080000;27575.0000000;27575.0000000;27575.0000000;27575.0000000;7
SPFB.SBRF-9.21;60;20210322;090000;27578.0000000;27578.0000000;27578.0000000;27578.0000000;1
SPFB.SBRF-9.21;60;20210322;100000;27553.0000000;27633.0000000;27553.0000000;27610.0000000;8
SPFB.SBRF-9.21;60;20210322;110000;27596.0000000;27677.0000000;27486.0000000;27565.0000000;76
SPFB.SBRF-9.21;60;20210322;120000;27718.0000000;27857.0000000;27718.0000000;27810.0000000;14
SPFB.SBRF-9.21;60;20210322;130000;27812.0000000;28007.0000000;27800.0000000;28002.0000000;150
SPFB.SBRF-9.21;60;20210322;140000;28010.0000000;28100.0000000;27995.0000000;27995.0000000;10
SPFB.SBRF-9.21;60;20210322;150000;28029.0000000;28150.0000000;28029.0000000;28107.0000000;15
SPFB.SBRF-9.21;60;20210322;160000;28055.0000000;28067.0000000;27976.0000000;28049.0000000;80
SPFB.SBRF-9.21;60;20210322;170000;28022.0000000;28100.0000000;27949.0000000;27976.0000000;208
SPFB.SBRF-9.21;60;20210322;180000;28051.0000000;28192.0000000;27994.0000000;28139.0000000;289
SPFB.SBRF-9.21;60;20210322;190000;28139.0000000;28146.0000000;28001.0000000;28100.0000000;210
SPFB.SBRF-9.21;60;20210322;200000;28032.0000000;28050.0000000;27975.0000000;28004.0000000;45
SPFB.SBRF-9.21;60;20210322;210000;27971.0000000;28000.0000000;27921.0000000;27977.0000000;90
SPFB.SBRF-9.21;60;20210322;220000;27980.0000000;28015.0000000;27976.0000000;27976.0000000;47
SPFB.SBRF-9.21;60;20210322;230000;27985.0000000;27985.0000000;27861.0000000;27883.0000000;87
SPFB.SBRF-9.21;60;20210323;000000;27888.0000000;27929.0000000;27869.0000000;27893.0000000;45
SPFB.SBRF-9.21;60;20210323;080000;27850.0000000;27850.0000000;27800.0000000;27800.0000000;3
SPFB.SBRF-9.21;60;20210323;090000;27776.0000000;27800.0000000;27755.0000000;27800.0000000;5
SPFB.SBRF-9.21;60;20210323;100000;27830.0000000;27830.0000000;27830.0000000;27830.0000000;1
SPFB.SBRF-9.21;60;20210323;110000;27850.0000000;27850.0000000;27600.0000000;27787.0000000;185
SPFB.SBRF-9.21;60;20210323;120000;27705.0000000;27705.0000000;27500.0000000;27601.0000000;295
SPFB.SBRF-9.21;60;20210323;130000;27587.0000000;27656.0000000;27425.0000000;27500.0000000;23
SPFB.SBRF-9.21;60;20210323;140000;27500.0000000;27550.0000000;27451.0000000;27535.0000000;15
SPFB.SBRF-9.21;60;20210323;150000;27516.0000000;27516.0000000;27478.0000000;27486.0000000;61
SPFB.SBRF-9.21;60;20210323;160000;27451.0000000;27603.0000000;27450.0000000;27574.0000000;30
SPFB.SBRF-9.21;60;20210323;170000;27543.0000000;27551.0000000;27495.0000000;27500.0000000;65
SPFB.SBRF-9.21;60;20210323;180000;27478.0000000;27592.0000000;27478.0000000;27592.0000000;7
SPFB.SBRF-9.21;60;20210323;190000;27484.0000000;27484.0000000;27484.0000000;27484.0000000;6
SPFB.SBRF-9.21;60;20210323;200000;27467.0000000;27470.0000000;27450.0000000;27450.0000000;4
SPFB.SBRF-9.21;60;20210323;210000;27500.0000000;27500.0000000;27450.0000000;27455.0000000;5
SPFB.SBRF-9.21;60;20210323;220000;27400.0000000;27400.0000000;27400.0000000;27400.0000000;1
SPFB.SBRF-9.21;60;20210323;230000;27400.0000000;27437.0000000;27350.0000000;27409.0000000;38
SPFB.SBRF-9.21;60;20210324;080000;27450.0000000;27499.0000000;27375.0000000;27450.0000000;36
SPFB.SBRF-9.21;60;20210324;090000;27400.0000000;27489.0000000;27400.0000000;27400.0000000;7
SPFB.SBRF-9.21;60;20210324;100000;27375.0000000;27450.0000000;27375.0000000;27450.0000000;13
SPFB.SBRF-9.21;60;20210324;110000;27500.0000000;27650.0000000;27477.0000000;27650.0000000;20
SPFB.SBRF-9.21;60;20210324;120000;27650.0000000;27762.0000000;27575.0000000;27700.0000000;243
SPFB.SBRF-9.21;60;20210324;130000;27740.0000000;27750.0000000;27575.0000000;27575.0000000;71
SPFB.SBRF-9.21;60;20210324;140000;27550.0000000;27600.0000000;27500.0000000;27573.0000000;21
SPFB.SBRF-9.21;60;20210324;150000;27594.0000000;27676.0000000;27594.0000000;27600.0000000;13
SPFB.SBRF-9.21;60;20210324;160000;27629.0000000;27670.0000000;27629.0000000;27652.0000000;21
SPFB.SBRF-9.21;60;20210324;170000;27699.0000000;27757.0000000;27697.0000000;27757.0000000;30
SPFB.SBRF-9.21;60;20210324;180000;27770.0000000;27850.0000000;27700.0000000;27850.0000000;48
SPFB.SBRF-9.21;60;20210324;190000;27900.0000000;27936.0000000;27893.0000000;27893.0000000;7
SPFB.SBRF-9.21;60;20210324;200000;27876.0000000;27984.0000000;27876.0000000;27954.0000000;39
SPFB.SBRF-9.21;60;20210324;210000;27875.0000000;27875.0000000;27850.0000000;27850.0000000;13
SPFB.SBRF-9.21;60;20210324;220000;27900.0000000;27900.0000000;27828.0000000;27828.0000000;6
SPFB.SBRF-9.21;60;20210324;230000;27830.0000000;27846.0000000;27765.0000000;27776.0000000;27
SPFB.SBRF-9.21;60;20210325;000000;27825.0000000;27825.0000000;27800.0000000;27800.0000000;3
SPFB.SBRF-9.21;60;20210325;080000;27848.0000000;27848.0000000;27833.0000000;27833.0000000;2
SPFB.SBRF-9.21;60;20210325;090000;27859.0000000;27917.0000000;27800.0000000;27800.0000000;12
SPFB.SBRF-9.21;60;20210325;100000;27811.0000000;27900.0000000;27811.0000000;27886.0000000;4
SPFB.SBRF-9.21;60;20210325;110000;27885.0000000;27885.0000000;27650.0000000;27650.0000000;27
SPFB.SBRF-9.21;60;20210325;120000;27665.0000000;27759.0000000;27665.0000000;27696.0000000;11
SPFB.SBRF-9.21;60;20210325;130000;27650.0000000;27738.0000000;27650.0000000;27738.0000000;7
SPFB.SBRF-9.21;60;20210325;140000;27750.0000000;27750.0000000;27750.0000000;27750.0000000;1
SPFB.SBRF-9.21;60;20210325;150000;27773.0000000;27841.0000000;27650.0000000;27650.0000000;7
SPFB.SBRF-9.21;60;20210325;160000;27625.0000000;27750.0000000;27600.0000000;27750.0000000;13
SPFB.SBRF-9.21;60;20210325;170000;27732.0000000;27800.0000000;27674.0000000;27800.0000000;11
SPFB.SBRF-9.21;60;20210325;180000;27800.0000000;27871.0000000;27750.0000000;27750.0000000;11
SPFB.SBRF-9.21;60;20210325;190000;27700.0000000;27750.0000000;27675.0000000;27750.0000000;3
SPFB.SBRF-9.21;60;20210325;200000;27800.0000000;27850.0000000;27800.0000000;27850.0000000;17
SPFB.SBRF-9.21;60;20210325;220000;27800.0000000;27875.0000000;27800.0000000;27875.0000000;14
SPFB.SBRF-9.21;60;20210325;230000;27863.0000000;27863.0000000;27857.0000000;27860.0000000;4
SPFB.SBRF-9.21;60;20210326;000000;27900.0000000;27900.0000000;27900.0000000;27900.0000000;1
SPFB.SBRF-9.21;60;20210326;080000;27900.0000000;28050.0000000;27900.0000000;28040.0000000;27
SPFB.SBRF-9.21;60;20210326;090000;28053.0000000;28086.0000000;28036.0000000;28076.0000000;25
SPFB.SBRF-9.21;60;20210326;100000;28100.0000000;28100.0000000;28100.0000000;28100.0000000;8
SPFB.SBRF-9.21;60;20210326;110000;28150.0000000;28400.0000000;28082.0000000;28333.0000000;55
SPFB.SBRF-9.21;60;20210326;120000;28400.0000000;28400.0000000;28260.0000000;28261.0000000;539
SPFB.SBRF-9.21;60;20210326;130000;28270.0000000;28300.0000000;28236.0000000;28257.0000000;17
SPFB.SBRF-9.21;60;20210326;140000;28200.0000000;28200.0000000;28046.0000000;28046.0000000;25
SPFB.SBRF-9.21;60;20210326;160000;28083.0000000;28150.0000000;28083.0000000;28150.0000000;8
SPFB.SBRF-9.21;60;20210326;170000;28100.0000000;28157.0000000;28100.0000000;28157.0000000;8
SPFB.SBRF-9.21;60;20210326;180000;28200.0000000;28231.0000000;28050.0000000;28070.0000000;12
SPFB.SBRF-9.21;60;20210326;190000;28000.0000000;28000.0000000;28000.0000000;28000.0000000;1
SPFB.SBRF-9.21;60;20210326;200000;28050.0000000;28050.0000000;28035.0000000;28035.0000000;2
SPFB.SBRF-9.21;60;20210326;230000;28100.0000000;28200.0000000;28100.0000000;28200.0000000;5
SPFB.SBRF-9.21;60;20210327;000000;28196.0000000;28250.0000000;28196.0000000;28250.0000000;2
SPFB.SBRF-9.21;60;20210329;080000;28200.0000000;28236.0000000;28191.0000000;28199.0000000;14
SPFB.SBRF-9.21;60;20210329;090000;28151.0000000;28173.0000000;28100.0000000;28100.0000000;5
SPFB.SBRF-9.21;60;20210329;110000;28130.0000000;28458.0000000;28120.0000000;28458.0000000;31
SPFB.SBRF-9.21;60;20210329;120000;28478.0000000;28514.0000000;28298.0000000;28350.0000000;533
SPFB.SBRF-9.21;60;20210329;130000;28400.0000000;28400.0000000;28400.0000000;28400.0000000;1
SPFB.SBRF-9.21;60;20210329;140000;28367.0000000;28450.0000000;28367.0000000;28450.0000000;3
SPFB.SBRF-9.21;60;20210329;150000;28450.0000000;28500.0000000;28433.0000000;28433.0000000;24
SPFB.SBRF-9.21;60;20210329;170000;28400.0000000;28440.0000000;28346.0000000;28346.0000000;8
SPFB.SBRF-9.21;60;20210329;180000;28300.0000000;28450.0000000;28300.0000000;28437.0000000;9
SPFB.SBRF-9.21;60;20210329;190000;28347.0000000;28399.0000000;28347.0000000;28399.0000000;7
SPFB.SBRF-9.21;60;20210329;200000;28433.0000000;28450.0000000;28424.0000000;28450.0000000;5
SPFB.SBRF-9.21;60;20210329;210000;28438.0000000;28438.0000000;28438.0000000;28438.0000000;1
SPFB.SBRF-9.21;60;20210329;220000;28404.0000000;28404.0000000;28404.0000000;28404.0000000;1
SPFB.SBRF-9.21;60;20210329;230000;28476.0000000;28518.0000000;28476.0000000;28518.0000000;40
SPFB.SBRF-9.21;60;20210330;080000;28526.0000000;28550.0000000;28500.0000000;28500.0000000;8
SPFB.SBRF-9.21;60;20210330;090000;28423.0000000;28423.0000000;28420.0000000;28420.0000000;6
SPFB.SBRF-9.21;60;20210330;100000;28438.0000000;28550.0000000;28438.0000000;28533.0000000;37
SPFB.SBRF-9.21;60;20210330;110000;28541.0000000;28673.0000000;28450.0000000;28500.0000000;43
SPFB.SBRF-9.21;60;20210330;120000;28500.0000000;28500.0000000;28350.0000000;28450.0000000;73
SPFB.SBRF-9.21;60;20210330;130000;28400.0000000;28400.0000000;28300.0000000;28330.0000000;6
SPFB.SBRF-9.21;60;20210330;140000;28330.0000000;28370.0000000;28253.0000000;28269.0000000;60
SPFB.SBRF-9.21;60;20210330;150000;28228.0000000;28231.0000000;28225.0000000;28225.0000000;8
SPFB.SBRF-9.21;60;20210330;160000;28350.0000000;28350.0000000;28350.0000000;28350.0000000;1
SPFB.SBRF-9.21;60;20210330;170000;28300.0000000;28350.0000000;28300.0000000;28321.0000000;10
SPFB.SBRF-9.21;60;20210330;180000;28300.0000000;28317.0000000;28221.0000000;28300.0000000;56
SPFB.SBRF-9.21;60;20210330;190000;28333.0000000;28450.0000000;28333.0000000;28450.0000000;9
SPFB.SBRF-9.21;60;20210330;200000;28400.0000000;28438.0000000;28356.0000000;28356.0000000;5
SPFB.SBRF-9.21;60;20210330;220000;28450.0000000;28461.0000000;28420.0000000;28420.0000000;4
SPFB.SBRF-9.21;60;20210330;230000;28469.0000000;28469.0000000;28444.0000000;28444.0000000;4
SPFB.SBRF-9.21;60;20210331;000000;28410.0000000;28494.0000000;28407.0000000;28494.0000000;17
SPFB.SBRF-9.21;60;20210331;100000;28441.0000000;28500.0000000;28441.0000000;28500.0000000;4
SPFB.SBRF-9.21;60;20210331;110000;28429.0000000;28475.0000000;28400.0000000;28413.0000000;6
SPFB.SBRF-9.21;60;20210331;120000;28366.0000000;28366.0000000;28300.0000000;28329.0000000;15
SPFB.SBRF-9.21;60;20210331;140000;28272.0000000;28272.0000000;28198.0000000;28226.0000000;23
SPFB.SBRF-9.21;60;20210331;160000;28429.0000000;28429.0000000;28356.0000000;28356.0000000;6
SPFB.SBRF-9.21;60;20210331;180000;28250.0000000;28250.0000000;28250.0000000;28250.0000000;1
SPFB.SBRF-9.21;60;20210331;190000;28201.0000000;28201.0000000;28105.0000000;28149.0000000;31
SPFB.SBRF-9.21;60;20210331;200000;28160.0000000;28160.0000000;28160.0000000;28160.0000000;1
SPFB.SBRF-9.21;60;20210331;210000;28114.0000000;28114.0000000;28114.0000000;28114.0000000;4
SPFB.SBRF-9.21;60;20210331;230000;28167.0000000;28167.0000000;28167.0000000;28167.0000000;3
SPFB.SBRF-9.21;60;20210401;080000;28199.0000000;28199.0000000;28199.0000000;28199.0000000;1
SPFB.SBRF-9.21;60;20210401;090000;28200.0000000;28200.0000000;28200.0000000;28200.0000000;1
SPFB.SBRF-9.21;60;20210401;100000;28250.0000000;28250.0000000;28250.0000000;28250.0000000;1
SPFB.SBRF-9.21;60;20210401;110000;28222.0000000;28550.0000000;28222.0000000;28500.0000000;22
SPFB.SBRF-9.21;60;20210401;120000;28532.0000000;28532.0000000;28434.0000000;28455.0000000;5
SPFB.SBRF-9.21;60;20210401;130000;28400.0000000;28400.0000000;28400.0000000;28400.0000000;2
SPFB.SBRF-9.21;60;20210401;140000;28300.0000000;28300.0000000;28258.0000000;28258.0000000;9
SPFB.SBRF-9.21;60;20210401;150000;28200.0000000;28200.0000000;28200.0000000;28200.0000000;1
SPFB.SBRF-9.21;60;20210401;160000;28230.0000000;28250.0000000;28200.0000000;28250.0000000;5
SPFB.SBRF-9.21;60;20210401;170000;28300.0000000;28300.0000000;28300.0000000;28300.0000000;1
SPFB.SBRF-9.21;60;20210401;180000;28268.0000000;28268.0000000;27868.0000000;27900.0000000;58
SPFB.SBRF-9.21;60;20210401;190000;27950.0000000;27950.0000000;27950.0000000;27950.0000000;1
SPFB.SBRF-9.21;60;20210401;200000;27950.0000000;28000.0000000;27900.0000000;28000.0000000;10
SPFB.SBRF-9.21;60;20210401;210000;27973.0000000;28070.0000000;27973.0000000;28070.0000000;4
SPFB.SBRF-9.21;60;20210401;220000;28100.0000000;28100.0000000;28083.0000000;28083.0000000;3
SPFB.SBRF-9.21;60;20210401;230000;28100.0000000;28100.0000000;27986.0000000;28002.0000000;13
SPFB.SBRF-9.21;60;20210402;000000;28050.0000000;28100.0000000;28050.0000000;28100.0000000;4
SPFB.SBRF-9.21;60;20210402;080000;28100.0000000;28179.0000000;28100.0000000;28171.0000000;14
SPFB.SBRF-9.21;60;20210402;090000;28144.0000000;28154.0000000;28144.0000000;28154.0000000;2
SPFB.SBRF-9.21;60;20210402;100000;28100.0000000;28127.0000000;28089.0000000;28126.0000000;11
SPFB.SBRF-9.21;60;20210402;110000;28066.0000000;28066.0000000;28000.0000000;28050.0000000;28
SPFB.SBRF-9.21;60;20210402;120000;28005.0000000;28100.0000000;28005.0000000;28100.0000000;14
SPFB.SBRF-9.21;60;20210402;130000;28051.0000000;28051.0000000;28050.0000000;28050.0000000;2
SPFB.SBRF-9.21;60;20210402;140000;28070.0000000;28070.0000000;28032.0000000;28032.0000000;10
SPFB.SBRF-9.21;60;20210402;150000;28100.0000000;28110.0000000;28088.0000000;28110.0000000;11
SPFB.SBRF-9.21;60;20210402;160000;28097.0000000;28200.0000000;28097.0000000;28200.0000000;22
SPFB.SBRF-9.21;60;20210402;170000;28225.0000000;28250.0000000;28225.0000000;28249.0000000;6
SPFB.SBRF-9.21;60;20210402;180000;28300.0000000;28301.0000000;28300.0000000;28301.0000000;10
SPFB.SBRF-9.21;60;20210402;190000;28300.0000000;28300.0000000;28300.0000000;28300.0000000;1
SPFB.SBRF-9.21;60;20210402;200000;28289.0000000;28311.0000000;28257.0000000;28257.0000000;14
SPFB.SBRF-9.21;60;20210402;220000;28279.0000000;28279.0000000;28279.0000000;28279.0000000;1
SPFB.SBRF-9.21;60;20210403;000000;28226.0000000;28226.0000000;28226.0000000;28226.0000000;2
SPFB.SBRF-9.21;60;20210405;080000;28200.0000000;28200.0000000;28200.0000000;28200.0000000;2
SPFB.SBRF-9.21;60;20210405;090000;28100.0000000;28100.0000000;28050.0000000;28077.0000000;4
SPFB.SBRF-9.21;60;20210405;100000;28054.0000000;28150.0000000;28037.0000000;28086.0000000;10
SPFB.SBRF-9.21;60;20210405;110000;28150.0000000;28150.0000000;28000.0000000;28000.0000000;38
SPFB.SBRF-9.21;60;20210405;120000;27900.0000000;27950.0000000;27900.0000000;27950.0000000;11
SPFB.SBRF-9.21;60;20210405;130000;27965.0000000;28000.0000000;27945.0000000;27998.0000000;13
SPFB.SBRF-9.21;60;20210405;140000;27900.0000000;27900.0000000;27759.0000000;27759.0000000;25
SPFB.SBRF-9.21;60;20210405;150000;27801.0000000;27801.0000000;27682.0000000;27731.0000000;17
SPFB.SBRF-9.21;60;20210405;160000;27725.0000000;27814.0000000;27725.0000000;27814.0000000;4
SPFB.SBRF-9.21;60;20210405;170000;27778.0000000;27789.0000000;27778.0000000;27789.0000000;2
SPFB.SBRF-9.21;60;20210405;180000;27765.0000000;27765.0000000;27765.0000000;27765.0000000;1
SPFB.SBRF-9.21;60;20210405;190000;27787.0000000;27879.0000000;27776.0000000;27879.0000000;7
SPFB.SBRF-9.21;60;20210405;200000;27831.0000000;27831.0000000;27800.0000000;27800.0000000;4
SPFB.SBRF-9.21;60;20210405;210000;27771.0000000;27875.0000000;27771.0000000;27875.0000000;10
SPFB.SBRF-9.21;60;20210405;220000;27893.0000000;27989.0000000;27893.0000000;27944.0000000;26
SPFB.SBRF-9.21;60;20210405;230000;27900.0000000;27900.0000000;27900.0000000;27900.0000000;4
SPFB.SBRF-9.21;60;20210406;080000;27927.0000000;27950.0000000;27927.0000000;27950.0000000;12
SPFB.SBRF-9.21;60;20210406;090000;27900.0000000;28000.0000000;27858.0000000;28000.0000000;37
SPFB.SBRF-9.21;60;20210406;110000;27966.0000000;27966.0000000;27475.0000000;27566.0000000;138
SPFB.SBRF-9.21;60;20210406;120000;27532.0000000;27600.0000000;27532.0000000;27600.0000000;63
SPFB.SBRF-9.21;60;20210406;130000;27549.0000000;27599.0000000;27549.0000000;27550.0000000;25
SPFB.SBRF-9.21;60;20210406;140000;27551.0000000;27551.0000000;27480.0000000;27502.0000000;20
SPFB.SBRF-9.21;60;20210406;150000;27488.0000000;27488.0000000;27370.0000000;27379.0000000;33
SPFB.SBRF-9.21;60;20210406;160000;27400.0000000;27503.0000000;27400.0000000;27400.0000000;21
SPFB.SBRF-9.21;60;20210406;170000;27450.0000000;27450.0000000;27365.0000000;27365.0000000;4
SPFB.SBRF-9.21;60;20210406;180000;27348.0000000;27348.0000000;27210.0000000;27255.0000000;90
SPFB.SBRF-9.21;60;20210406;190000;27245.0000000;27268.0000000;27240.0000000;27250.0000000;11
SPFB.SBRF-9.21;60;20210406;200000;27273.0000000;27287.0000000;27273.0000000;27287.0000000;5
SPFB.SBRF-9.21;60;20210406;210000;27220.0000000;27220.0000000;27220.0000000;27220.0000000;1
SPFB.SBRF-9.21;60;20210406;220000;27250.0000000;27261.0000000;27250.0000000;27261.0000000;2
SPFB.SBRF-9.21;60;20210406;230000;27200.0000000;27200.0000000;27161.0000000;27161.0000000;9
SPFB.SBRF-9.21;60;20210407;000000;27155.0000000;27155.0000000;27135.0000000;27135.0000000;2
SPFB.SBRF-9.21;60;20210407;080000;27225.0000000;27254.0000000;27209.0000000;27209.0000000;10
SPFB.SBRF-9.21;60;20210407;090000;27300.0000000;27300.0000000;27273.0000000;27273.0000000;2
SPFB.SBRF-9.21;60;20210407;100000;27228.0000000;27228.0000000;27185.0000000;27205.0000000;6
SPFB.SBRF-9.21;60;20210407;110000;27205.0000000;27300.0000000;26929.0000000;27300.0000000;207
SPFB.SBRF-9.21;60;20210407;120000;27327.0000000;27368.0000000;27150.0000000;27258.0000000;304
SPFB.SBRF-9.21;60;20210407;130000;27279.0000000;27323.0000000;27150.0000000;27201.0000000;108
SPFB.SBRF-9.21;60;20210407;140000;27315.0000000;27315.0000000;27315.0000000;27315.0000000;1
SPFB.SBRF-9.21;60;20210407;150000;27337.0000000;27435.0000000;27279.0000000;27435.0000000;53
SPFB.SBRF-9.21;60;20210407;160000;27407.0000000;27407.0000000;27237.0000000;27237.0000000;41
SPFB.SBRF-9.21;60;20210407;170000;27300.0000000;27350.0000000;27290.0000000;27350.0000000;4
SPFB.SBRF-9.21;60;20210407;180000;27313.0000000;27455.0000000;27293.0000000;27400.0000000;152
SPFB.SBRF-9.21;60;20210407;190000;27300.0000000;27300.0000000;27300.0000000;27300.0000000;6
SPFB.SBRF-9.21;60;20210407;200000;27248.0000000;27289.0000000;27248.0000000;27262.0000000;8
SPFB.SBRF-9.21;60;20210407;210000;27265.0000000;27350.0000000;27265.0000000;27350.0000000;8
SPFB.SBRF-9.21;60;20210407;220000;27373.0000000;27400.0000000;27373.0000000;27400.0000000;10
SPFB.SBRF-9.21;60;20210407;230000;27408.0000000;27409.0000000;27408.0000000;27409.0000000;5
SPFB.SBRF-9.21;60;20210408;000000;27428.0000000;27428.0000000;27428.0000000;27428.0000000;1
SPFB.SBRF-9.21;60;20210408;080000;27450.0000000;27452.0000000;27450.0000000;27452.0000000;6
SPFB.SBRF-9.21;60;20210408;090000;27400.0000000;27478.0000000;27394.0000000;27478.0000000;11
SPFB.SBRF-9.21;60;20210408;110000;27500.0000000;27559.0000000;27457.0000000;27457.0000000;23
SPFB.SBRF-9.21;60;20210408;120000;27400.0000000;27422.0000000;27320.0000000;27320.0000000;19
SPFB.SBRF-9.21;60;20210408;130000;27317.0000000;27317.0000000;27217.0000000;27250.0000000;19
SPFB.SBRF-9.21;60;20210408;140000;27300.0000000;27300.0000000;27200.0000000;27204.0000000;30
SPFB.SBRF-9.21;60;20210408;150000;27251.0000000;27300.0000000;27217.0000000;27300.0000000;7
SPFB.SBRF-9.21;60;20210408;160000;27350.0000000;27400.0000000;27300.0000000;27400.0000000;26
SPFB.SBRF-9.21;60;20210408;170000;27400.0000000;27436.0000000;27295.0000000;27295.0000000;22
SPFB.SBRF-9.21;60;20210408;180000;27300.0000000;27318.0000000;27200.0000000;27300.0000000;17
SPFB.SBRF-9.21;60;20210408;190000;27250.0000000;27350.0000000;27200.0000000;27350.0000000;22
SPFB.SBRF-9.21;60;20210408;200000;27339.0000000;27358.0000000;27336.0000000;27350.0000000;11
SPFB.SBRF-9.21;60;20210408;210000;27350.0000000;27350.0000000;27323.0000000;27323.0000000;3
SPFB.SBRF-9.21;60;20210408;230000;27339.0000000;27339.0000000;27334.0000000;27339.0000000;11
SPFB.SBRF-9.21;60;20210409;090000;27300.0000000;27300.0000000;27240.0000000;27240.0000000;9
SPFB.SBRF-9.21;60;20210409;110000;27240.0000000;27250.0000000;27175.0000000;27250.0000000;29
SPFB.SBRF-9.21;60;20210409;120000;27300.0000000;27310.0000000;27300.0000000;27310.0000000;5
SPFB.SBRF-9.21;60;20210409;130000;27267.0000000;27267.0000000;27267.0000000;27267.0000000;1
SPFB.SBRF-9.21;60;20210409;140000;27230.0000000;27230.0000000;27070.0000000;27105.0000000;26
SPFB.SBRF-9.21;60;20210409;150000;27150.0000000;27150.0000000;26979.0000000;27021.0000000;32
SPFB.SBRF-9.21;60;20210409;160000;27023.0000000;27085.0000000;27020.0000000;27020.0000000;9
SPFB.SBRF-9.21;60;20210409;170000;27043.0000000;27150.0000000;27040.0000000;27078.0000000;24
SPFB.SBRF-9.21;60;20210409;180000;27070.0000000;27070.0000000;27012.0000000;27050.0000000;28
SPFB.SBRF-9.21;60;20210409;190000;27000.0000000;27000.0000000;26993.0000000;26993.0000000;15
SPFB.SBRF-9.21;60;20210409;200000;27020.0000000;27040.0000000;27010.0000000;27010.0000000;8
SPFB.SBRF-9.21;60;20210409;210000;27017.0000000;27053.0000000;27016.0000000;27053.0000000;5
SPFB.SBRF-9.21;60;20210409;220000;27050.0000000;27073.0000000;27023.0000000;27023.0000000;30
SPFB.SBRF-9.21;60;20210409;230000;27030.0000000;27030.0000000;27030.0000000;27030.0000000;1
